Type;FSVA3044;
Version;1.31;
Date;24.Mar 2026;
Mode;ANALYZER;
Preamplifier;OFF;
Transducer;OFF;
Center Freq;1420405000.000000;Hz
Freq Offset;0.000000;Hz
Start;1419905000.000000;Hz
Stop;1420905000.000000;Hz
Span;1000000.000000;Hz
Ref Level;20.000000;dBm
Level Offset;0.000000;dB
Rf Att;30.000000;dB
El Att;0.000000;dB
RBW;3000.000000;Hz
VBW;1000.000000;Hz
SWT;0.002100;s
Sweep Count;0;
Window;1;TOI
Ref Position;100.000000;%
Level Range;100.000000;dB
x-Axis;LIN;
y-Axis;LOG;
x-Unit;Hz;
y-Unit;dBm;
Trace;1;
Trace Mode;CLR/WRITE;
Detector;AUTOPEAK;
Values;501;
1419905499.5004994869;-85.0857086181640625;-87.00734710693359375
1419907497.5024974346;-82.47249603271484375;-99.31439208984375
1419909495.5044953823;-82.37686920166015625;-93.82714080810546875
1419911493.50649333;-84.0864410400390625;-95.9653778076171875
1419913491.5084912777;-84.3455047607421875;-91.3722076416015625
1419915489.5104892254;-79.96080780029296875;-83.9937744140625
1419917487.5124871731;-82.915740966796875;-87.17242431640625
1419919485.5144851208;-80.52300262451171875;-90.34375762939453125
1419921483.5164830685;-80.8155670166015625;-94.03659820556640625
1419923481.5184810162;-82.41507720947265625;-87.311859130859375
1419925479.5204789639;-81.475189208984375;-90.18653106689453125
1419927477.5224769115;-81.609283447265625;-89.25347900390625
1419929475.5244748592;-81.287811279296875;-83.11681365966796875
1419931473.5264728069;-83.53047943115234375;-98.59745025634765625
1419933471.5284707546;-81.14792633056640625;-83.9897613525390625
1419935469.5304687023;-81.946746826171875;-88.35430145263671875
1419937467.53246665;-85.8633270263671875;-94.32874298095703125
1419939465.5344645977;-86.716705322265625;-89.84278106689453125
1419941463.5364625454;-86.6010589599609375;-92.3910369873046875
1419943461.5384604931;-86.5063934326171875;-92.632354736328125
1419945459.5404584408;-83.17742156982421875;-88.9478912353515625
1419947457.5424563885;-81.131134033203125;-86.57677459716796875
1419949455.5444543362;-80.86053466796875;-84.4969024658203125
1419951453.5464522839;-80.904937744140625;-88.04320526123046875
1419953451.5484502316;-85.34651947021484375;-96.5464324951171875
1419955449.5504481792;-82.850982666015625;-90.3044891357421875
1419957447.5524461269;-82.1024322509765625;-88.569427490234375
1419959445.5544440746;-79.6334686279296875;-88.5328369140625
1419961443.5564420223;-80.463714599609375;-91.251678466796875
1419963441.55843997;-86.66722869873046875;-91.24442291259765625
1419965439.5604379177;-80.533966064453125;-89.815277099609375
1419967437.5624358654;-80.61925506591796875;-83.1506805419921875
1419969435.5644338131;-81.3408660888671875;-88.05939483642578125
1419971433.5664317608;-82.88799285888671875;-86.66904449462890625
1419973431.5684297085;-83.5621795654296875;-88.76064300537109375
1419975429.5704276562;-87.1738433837890625;-89.11083984375
1419977427.5724256039;-79.55147552490234375;-91.074462890625
1419979425.5744235516;-79.5117645263671875;-88.43311309814453125
1419981423.5764214993;-80.9955596923828125;-83.74493408203125
1419983421.5784194469;-80.45307159423828125;-86.7148284912109375
1419985419.5804173946;-83.9454345703125;-86.24444580078125
1419987417.5824153423;-82.71006011962890625;-85.52640533447265625
1419989415.58441329;-81.763427734375;-97.656097412109375
1419991413.5864112377;-81.4764251708984375;-88.90039825439453125
1419993411.5884091854;-82.796295166015625;-84.96955108642578125
1419995409.5904071331;-80.495697021484375;-92.98586273193359375
1419997407.5924050808;-80.13608551025390625;-88.9331512451171875
1419999405.5944030285;-81.5850830078125;-84.74283599853515625
1420001403.5964009762;-82.862548828125;-87.020721435546875
1420003401.5983989239;-80.1431884765625;-83.271087646484375
1420005399.6003968716;-79.2827301025390625;-82.20122528076171875
1420007397.6023948193;-83.74282073974609375;-86.9248504638671875
1420009395.604392767;-78.93707275390625;-85.4192657470703125
1420011393.6063907146;-79.29750823974609375;-83.7415618896484375
1420013391.6083886623;-85.65584564208984375;-97.2975921630859375
1420015389.61038661;-81.9805145263671875;-84.37546539306640625
1420017387.6123845577;-82.32648468017578125;-86.94818115234375
1420019385.6143825054;-82.39473724365234375;-88.72853851318359375
1420021383.6163804531;-81.61396026611328125;-86.56374359130859375
1420023381.6183784008;-81.6556549072265625;-90.15706634521484375
1420025379.6203763485;-85.78630828857421875;-101.7212066650390625
1420027377.6223742962;-83.76610565185546875;-84.97064208984375
1420029375.6243722439;-84.2611541748046875;-88.94289398193359375
1420031373.6263701916;-84.72902679443359375;-88.8842620849609375
1420033371.6283681393;-82.70680999755859375;-86.971893310546875
1420035369.630366087;-79.51088714599609375;-81.4759063720703125
1420037367.6323640347;-79.18643951416015625;-81.11447906494140625
1420039365.6343619823;-80.9158935546875;-85.02597808837890625
1420041363.63635993;-81.090850830078125;-93.48975372314453125
1420043361.6383578777;-81.600982666015625;-85.72657012939453125
1420045359.6403558254;-78.80576324462890625;-85.13043975830078125
1420047357.6423537731;-80.488739013671875;-88.1940765380859375
1420049355.6443517208;-81.24475860595703125;-84.61890411376953125
1420051353.6463496685;-77.90747833251953125;-95.950042724609375
1420053351.6483476162;-74.8639068603515625;-78.6222381591796875
1420055349.6503455639;-73.80867767333984375;-77.04271697998046875
1420057347.6523435116;-78.52400970458984375;-91.11324310302734375
1420059345.6543414593;-79.77111053466796875;-81.6618194580078125
1420061343.656339407;-82.15293121337890625;-85.8822174072265625
1420063341.6583373547;-80.764007568359375;-89.4136199951171875
1420065339.6603353024;-79.57128143310546875;-83.707794189453125
1420067337.66233325;-78.1892547607421875;-87.31104278564453125
1420069335.6643311977;-80.97347259521484375;-84.50843048095703125
1420071333.6663291454;-82.25682830810546875;-89.2401580810546875
1420073331.6683270931;-82.34308624267578125;-85.8533782958984375
1420075329.6703250408;-82.73728179931640625;-85.510833740234375
1420077327.6723229885;-81.74381256103515625;-87.93283843994140625
1420079325.6743209362;-85.21338653564453125;-92.67784881591796875
1420081323.6763188839;-85.898468017578125;-89.9811859130859375
1420083321.6783168316;-83.88912200927734375;-89.66387939453125
1420085319.6803147793;-78.9439697265625;-83.26277923583984375
1420087317.682312727;-78.63965606689453125;-81.0984344482421875
1420089315.6843106747;-82.29576873779296875;-84.69507598876953125
1420091313.6863086224;-81.3580322265625;-83.031036376953125
1420093311.6883065701;-81.45412445068359375;-82.94680023193359375
1420095309.6903045177;-78.6939697265625;-82.45944976806640625
1420097307.6923024654;-78.424560546875;-80.033660888671875
1420099305.6943004131;-79.58948516845703125;-81.07399749755859375
1420101303.6962983608;-82.24428558349609375;-86.3613739013671875
1420103301.6982963085;-83.07054901123046875;-98.1617889404296875
1420105299.7002942562;-80.178253173828125;-84.74788665771484375
1420107297.7022922039;-79.08362579345703125;-88.92584228515625
1420109295.7042901516;-83.804595947265625;-87.49793243408203125
1420111293.7062880993;-81.53713226318359375;-89.7593536376953125
1420113291.708286047;-82.04836273193359375;-92.42627716064453125
1420115289.7102839947;-83.00196075439453125;-90.66991424560546875
1420117287.7122819424;-80.244781494140625;-82.57169342041015625
1420119285.7142798901;-79.111358642578125;-83.5491180419921875
1420121283.7162778378;-81.31134033203125;-82.92458343505859375
1420123281.7182757854;-81.8053436279296875;-83.07286834716796875
1420125279.7202737331;-80.4819183349609375;-84.66778564453125
1420127277.7222716808;-83.05664825439453125;-84.34825897216796875
1420129275.7242696285;-86.5433502197265625;-88.894989013671875
1420131273.7262675762;-79.8588714599609375;-82.82903289794921875
1420133271.7282655239;-78.8306121826171875;-84.37665557861328125
1420135269.7302634716;-81.6065826416015625;-86.07909393310546875
1420137267.7322614193;-79.085968017578125;-83.478302001953125
1420139265.734259367;-78.8418731689453125;-83.820831298828125
1420141263.7362573147;-81.48708343505859375;-88.3953399658203125
1420143261.7382552624;-79.4744110107421875;-81.9387054443359375
1420145259.7402532101;-77.56817626953125;-80.18663787841796875
1420147257.7422511578;-79.9985198974609375;-84.48517608642578125
1420149255.7442491055;-82.4601898193359375;-90.94562530517578125
1420151253.7462470531;-74.34333038330078125;-81.35237884521484375
1420153251.7482450008;-61.22000885009765625;-61.22000885009765625
1420155249.7502429485;-58.816127777099609375;-58.816127777099609375
1420157247.7522408962;-63.7515411376953125;-63.7515411376953125
1420159245.7542388439;-80.261871337890625;-85.28949737548828125
1420161243.7562367916;-82.404296875;-85.396270751953125
1420163241.7582347393;-82.3726043701171875;-90.743988037109375
1420165239.760232687;-79.60050201416015625;-87.99700164794921875
1420167237.7622306347;-73.7477569580078125;-83.2419586181640625
1420169235.7642285824;-73.37862396240234375;-83.93316650390625
1420171233.7662265301;-75.78388214111328125;-88.54241180419921875
1420173231.7682244778;-79.12546539306640625;-85.647857666015625
1420175229.7702224255;-82.23058319091796875;-87.04509735107421875
1420177227.7722203732;-80.07110595703125;-86.85680389404296875
1420179225.7742183208;-80.6490936279296875;-82.484588623046875
1420181223.7762162685;-81.09342193603515625;-86.76793670654296875
1420183221.7782142162;-78.4279327392578125;-88.37004852294921875
1420185219.7802121639;-78.946929931640625;-84.892486572265625
1420187217.7822101116;-78.2717132568359375;-90.78586578369140625
1420189215.7842080593;-78.19512176513671875;-82.26674652099609375
1420191213.786206007;-80.37421417236328125;-83.4622802734375
1420193211.7882039547;-83.89715576171875;-86.67864990234375
1420195209.7902019024;-85.72464752197265625;-93.43768310546875
1420197207.7921998501;-81.2357940673828125;-85.062957763671875
1420199205.7941977978;-79.5237884521484375;-85.0878448486328125
1420201203.7961957455;-82.45911407470703125;-90.62700653076171875
1420203201.7981936932;-78.9276275634765625;-84.77365875244140625
1420205199.8001916409;-78.9364471435546875;-90.1278228759765625
1420207197.8021895885;-78.63500213623046875;-84.51601409912109375
1420209195.8041875362;-79.56067657470703125;-82.60297393798828125
1420211193.8061854839;-78.722625732421875;-81.45603179931640625
1420213191.8081834316;-76.88687896728515625;-85.0802459716796875
1420215189.8101813793;-78.49777984619140625;-83.3599700927734375
1420217187.812179327;-78.7284393310546875;-85.2333526611328125
1420219185.8141772747;-78.86730194091796875;-86.95973968505859375
1420221183.8161752224;-82.99953460693359375;-83.40784454345703125
1420223181.8181731701;-81.6222381591796875;-86.3005828857421875
1420225179.8201711178;-81.246673583984375;-85.82592010498046875
1420227177.8221690655;-80.9010772705078125;-86.45125579833984375
1420229175.8241670132;-76.761383056640625;-81.61725616455078125
1420231173.8261649609;-75.965911865234375;-85.38702392578125
1420233171.8281629086;-77.6943206787109375;-81.39650726318359375
1420235169.8301608562;-78.36055755615234375;-84.93332672119140625
1420237167.8321588039;-81.906494140625;-93.57575225830078125
1420239165.8341567516;-79.8062591552734375;-84.36891937255859375
1420241163.8361546993;-80.01932525634765625;-83.26380157470703125
1420243161.838152647;-80.0039215087890625;-82.90631103515625
1420245159.8401505947;-79.32757568359375;-81.95658111572265625
1420247157.8421485424;-81.00966644287109375;-82.5462646484375
1420249155.8441464901;-81.8156280517578125;-81.8156280517578125
1420251153.8461444378;-53.064601898193359375;-61.473545074462890625
1420253151.8481423855;-38.915012359619140625;-38.915012359619140625
1420255149.8501403332;-36.142547607421875;-36.142547607421875
1420257147.8521382809;-40.954372406005859375;-40.954372406005859375
1420259145.8541362286;-57.8063507080078125;-66.91376495361328125
1420261143.8561341763;-81.2170867919921875;-93.212982177734375
1420263141.8581321239;-81.94480133056640625;-90.23389434814453125
1420265139.8601300716;-80.33197021484375;-88.24587249755859375
1420267137.8621280193;-76.44671630859375;-81.3816070556640625
1420269135.864125967;-76.18804168701171875;-82.86612701416015625
1420271133.8661239147;-82.44217681884765625;-93.294586181640625
1420273131.8681218624;-82.7253875732421875;-84.21953582763671875
1420275129.8701198101;-81.24913787841796875;-89.9127349853515625
1420277127.8721177578;-79.4280242919921875;-83.5448760986328125
1420279125.8741157055;-78.635833740234375;-82.67607879638671875
1420281123.8761136532;-80.47925567626953125;-86.23957061767578125
1420283121.8781116009;-82.76079559326171875;-84.3423919677734375
1420285119.8801095486;-85.64865875244140625;-87.993408203125
1420287117.8821074963;-78.2813873291015625;-84.7086029052734375
1420289115.884105444;-76.95323944091796875;-80.3188934326171875
1420291113.8861033916;-81.26119232177734375;-85.0906219482421875
1420293111.8881013393;-85.75740814208984375;-91.4709320068359375
1420295109.890099287;-80.1727142333984375;-88.3097381591796875
1420297107.8920972347;-81.26445770263671875;-88.14438629150390625
1420299105.8940951824;-84.193450927734375;-87.13489532470703125
1420301103.8960931301;-80.5729522705078125;-90.89316558837890625
1420303101.8980910778;-76.3908233642578125;-84.38555145263671875
1420305099.9000890255;-77.31514739990234375;-81.67182159423828125
1420307097.9020869732;-76.7005615234375;-95.74179840087890625
1420309095.9040849209;-81.74729156494140625;-87.36181640625
1420311093.9060828686;-83.8865814208984375;-85.57117462158203125
1420313091.9080808163;-82.7274322509765625;-91.9466400146484375
1420315089.910078764;-84.3562774658203125;-90.4886627197265625
1420317087.9120767117;-83.389404296875;-85.55989837646484375
1420319085.9140746593;-77.58666229248046875;-84.79393768310546875
1420321083.916072607;-77.7622222900390625;-84.5619049072265625
1420323081.9180705547;-82.74227142333984375;-84.4704437255859375
1420325079.9200685024;-77.9683685302734375;-83.32636260986328125
1420327077.9220664501;-79.0479736328125;-87.70317840576171875
1420329075.9240643978;-85.30104827880859375;-88.1485595703125
1420331073.9260623455;-82.4338531494140625;-83.84435272216796875
1420333071.9280602932;-78.3889312744140625;-83.43221282958984375
1420335069.9300582409;-76.83261871337890625;-82.38333892822265625
1420337067.9320561886;-77.74106597900390625;-86.78386688232421875
1420339065.9340541363;-80.0409088134765625;-84.054840087890625
1420341063.936052084;-80.194732666015625;-86.12363433837890625
1420343061.9380500317;-80.8410797119140625;-87.3871612548828125
1420345059.9400479794;-79.09896087646484375;-89.01282501220703125
1420347057.942045927;-81.222076416015625;-83.51462554931640625
1420349055.9440438747;-41.702220916748046875;-59.680877685546875
1420351053.9460418224;-10.048099517822265625;-18.121660232543945313
1420353051.9480397701;4.4084734916687011719;4.4084734916687011719
1420355049.9500377178;7.5317196846008300781;7.5317196846008300781
1420357047.9520356655;3.2376520633697509766;3.2376520633697509766
1420359045.9540336132;-12.958322525024414063;-21.83026885986328125
1420361043.9560315609;-48.095668792724609375;-70.601348876953125
1420363041.9580295086;-82.6751251220703125;-97.818389892578125
1420365039.9600274563;-85.35497283935546875;-97.56549072265625
1420367037.962025404;-87.5427093505859375;-90.95015716552734375
1420369035.9640233517;-80.00591278076171875;-85.584808349609375
1420371033.9660212994;-78.5652923583984375;-84.3195648193359375
1420373031.9680192471;-81.679962158203125;-87.861236572265625
1420375029.9700171947;-84.5689697265625;-91.67667388916015625
1420377027.9720151424;-83.9458465576171875;-93.96012115478515625
1420379025.9740130901;-83.2575531005859375;-85.91236114501953125
1420381023.9760110378;-81.07427978515625;-89.23635101318359375
1420383021.9780089855;-85.68811798095703125;-89.0354766845703125
1420385019.9800069332;-82.71302032470703125;-85.6812744140625
1420387017.9820048809;-80.501861572265625;-85.39340972900390625
1420389015.9840028286;-80.3980712890625;-90.7239837646484375
1420391013.9860007763;-80.6550445556640625;-84.148834228515625
1420393011.987998724;-79.34381103515625;-83.5157470703125
1420395009.9899966717;-77.20391082763671875;-81.69408416748046875
1420397007.9919946194;-79.21656036376953125;-81.69219207763671875
1420399005.9939925671;-83.5093841552734375;-89.88918304443359375
1420401003.9959905148;-86.5895538330078125;-88.18090057373046875
1420403001.9979884624;-76.3492279052734375;-76.3492279052734375
1420404999.9999864101;-69.467315673828125;-69.467315673828125
1420406998.0019843578;-69.3363494873046875;-69.3363494873046875
1420408996.0039823055;-80.000030517578125;-80.000030517578125
1420410994.0059802532;-86.1071624755859375;-86.1071624755859375
1420412992.0079782009;-81.18364715576171875;-81.18364715576171875
1420414990.0099761486;-81.3168792724609375;-84.48004150390625
1420416988.0119740963;-82.30696868896484375;-90.44423675537109375
1420418986.013972044;-82.1431732177734375;-84.0859222412109375
1420420984.0159699917;-81.5818939208984375;-83.17295074462890625
1420422982.0179679394;-86.1364288330078125;-93.045745849609375
1420424980.0199658871;-82.077392578125;-107.54998016357421875
1420426978.0219638348;-81.3793182373046875;-82.753173828125
1420428976.0239617825;-77.694915771484375;-83.16521453857421875
1420430974.0259597301;-78.4738616943359375;-94.5340576171875
1420432972.0279576778;-80.48046112060546875;-88.8382110595703125
1420434970.0299556255;-80.75951385498046875;-85.49425506591796875
1420436968.0319535732;-83.55322265625;-85.17529296875
1420438966.0339515209;-79.983428955078125;-81.5708160400390625
1420440964.0359494686;-84.717071533203125;-87.64892578125
1420442962.0379474163;-86.59775543212890625;-102.683929443359375
1420444960.039945364;-85.51726531982421875;-89.11614227294921875
1420446958.0419433117;-84.18224334716796875;-85.471099853515625
1420448956.0439412594;-44.099559783935546875;-63.495250701904296875
1420450954.0459392071;-11.1340179443359375;-19.5083770751953125
1420452952.0479371548;3.9834413528442382813;3.9834413528442382813
1420454950.0499351025;7.5563397407531738281;7.5563397407531738281
1420456948.0519330502;3.7154641151428222656;3.7154641151428222656
1420458946.0539309978;-11.79892730712890625;-20.354679107666015625
1420460944.0559289455;-45.5096893310546875;-65.65484619140625
1420462942.0579268932;-81.73895263671875;-84.20688629150390625
1420464940.0599248409;-77.94705963134765625;-92.14813995361328125
1420466938.0619227886;-77.7523193359375;-88.1039886474609375
1420468936.0639207363;-80.0770111083984375;-83.8057098388671875
1420470934.065918684;-83.2667388916015625;-87.78575897216796875
1420472932.0679166317;-85.00846099853515625;-93.60047149658203125
1420474930.0699145794;-79.68013763427734375;-97.39629364013671875
1420476928.0719125271;-79.07358551025390625;-82.20397186279296875
1420478926.0739104748;-79.368743896484375;-81.33937835693359375
1420480924.0759084225;-78.2358551025390625;-84.44965362548828125
1420482922.0779063702;-81.92789459228515625;-87.779388427734375
1420484920.0799043179;-82.17746734619140625;-87.5018310546875
1420486918.0819022655;-78.48578643798828125;-82.02001190185546875
1420488916.0839002132;-78.99501800537109375;-85.042266845703125
1420490914.0858981609;-81.603057861328125;-89.1158599853515625
1420492912.0878961086;-77.158538818359375;-90.47321319580078125
1420494910.0898940563;-76.69797515869140625;-87.04339599609375
1420496908.091892004;-79.53907012939453125;-82.21566009521484375
1420498906.0938899517;-78.38629150390625;-86.196746826171875
1420500904.0958878994;-77.96909332275390625;-96.83901214599609375
1420502902.0978858471;-79.34816741943359375;-92.7667694091796875
1420504900.0998837948;-70.21404266357421875;-82.12047576904296875
1420506898.1018817425;-69.85886383056640625;-76.8368988037109375
1420508896.1038796902;-76.3448028564453125;-87.52849578857421875
1420510894.1058776379;-84.734100341796875;-87.2035369873046875
1420512892.1078755856;-84.84183502197265625;-87.48680877685546875
1420514890.1098735332;-80.43963623046875;-81.58097076416015625
1420516888.1118714809;-80.2841033935546875;-85.51363372802734375
1420518886.1138694286;-79.58058929443359375;-90.82784271240234375
1420520884.1158673763;-79.26645660400390625;-82.65457916259765625
1420522882.117865324;-84.0548553466796875;-86.47173309326171875
1420524880.1198632717;-85.049407958984375;-93.65830230712890625
1420526878.1218612194;-81.2080230712890625;-85.75408172607421875
1420528876.1238591671;-81.37371063232421875;-87.5673980712890625
1420530874.1258571148;-82.22368621826171875;-86.742034912109375
1420532872.1278550625;-80.8969879150390625;-87.34081268310546875
1420534870.1298530102;-82.23299407958984375;-88.3850860595703125
1420536868.1318509579;-81.50557708740234375;-94.48830413818359375
1420538866.1338489056;-77.5948028564453125;-97.6135406494140625
1420540864.1358468533;-75.8499908447265625;-87.8653106689453125
1420542862.1378448009;-76.275665283203125;-91.33978271484375
1420544860.1398427486;-81.784210205078125;-87.59706878662109375
1420546858.1418406963;-83.7750396728515625;-86.64733123779296875
1420548856.143838644;-84.27337646484375;-86.249176025390625
1420550854.1458365917;-56.8916015625;-65.9445343017578125
1420552852.1478345394;-40.857242584228515625;-40.857242584228515625
1420554850.1498324871;-36.79559326171875;-36.79559326171875
1420556848.1518304348;-40.187465667724609375;-40.187465667724609375
1420558846.1538283825;-55.24321746826171875;-63.925479888916015625
1420560844.1558263302;-80.00386810302734375;-88.8178253173828125
1420562842.1578242779;-80.09053802490234375;-81.725006103515625
1420564840.1598222256;-78.28249359130859375;-89.37220001220703125
1420566838.1618201733;-79.69171905517578125;-85.32158660888671875
1420568836.163818121;-81.19910430908203125;-86.61011505126953125
1420570834.1658160686;-80.9822540283203125;-83.28569793701171875
1420572832.1678140163;-81.03902435302734375;-88.020050048828125
1420574830.169811964;-82.66188812255859375;-86.6681365966796875
1420576828.1718099117;-80.08563995361328125;-82.2987060546875
1420578826.1738078594;-80.66527557373046875;-85.258758544921875
1420580824.1758058071;-84.69353485107421875;-87.73612213134765625
1420582822.1778037548;-83.01656341552734375;-85.9789886474609375
1420584820.1798017025;-82.2459869384765625;-83.30246734619140625
1420586818.1817996502;-84.2457275390625;-85.33272552490234375
1420588816.1837975979;-85.30147552490234375;-94.67507171630859375
1420590814.1857955456;-81.8861541748046875;-84.3579864501953125
1420592812.1877934933;-79.90180206298828125;-89.96646881103515625
1420594810.189791441;-77.916015625;-82.35141754150390625
1420596808.1917893887;-79.3731231689453125;-82.1546630859375
1420598806.1937873363;-80.49671173095703125;-82.1326141357421875
1420600804.195785284;-81.44147491455078125;-89.11707305908203125
1420602802.1977832317;-81.673980712890625;-85.05680084228515625
1420604800.1997811794;-79.19190216064453125;-82.028594970703125
1420606798.2017791271;-80.24726104736328125;-82.9591217041015625
1420608796.2037770748;-82.957366943359375;-85.961456298828125
1420610794.2057750225;-85.3319244384765625;-90.31191253662109375
1420612792.2077729702;-84.97348785400390625;-95.0758209228515625
1420614790.2097709179;-83.0623016357421875;-84.64148712158203125
1420616788.2117688656;-82.0722198486328125;-86.3625335693359375
1420618786.2137668133;-85.23401641845703125;-91.23712158203125
1420620784.215764761;-81.269256591796875;-82.644989013671875
1420622782.2177627087;-81.25286865234375;-83.63191986083984375
1420624780.2197606564;-80.434783935546875;-88.89313507080078125
1420626778.221758604;-82.05356597900390625;-90.76568603515625
1420628776.2237565517;-82.04393768310546875;-89.66925048828125
1420630774.2257544994;-79.32402801513671875;-84.14430999755859375
1420632772.2277524471;-79.290557861328125;-80.3845977783203125
1420634770.2297503948;-82.40496826171875;-84.96588134765625
1420636768.2317483425;-83.3711700439453125;-88.69606781005859375
1420638766.2337462902;-76.49507904052734375;-86.5123138427734375
1420640764.2357442379;-74.35042572021484375;-82.94183349609375
1420642762.2377421856;-75.6829071044921875;-81.5101318359375
1420644760.2397401333;-82.3854827880859375;-87.16973876953125
1420646758.241738081;-85.48270416259765625;-86.91339111328125
1420648756.2437360287;-86.780303955078125;-88.65216827392578125
1420650754.2457339764;-81.382049560546875;-89.17841339111328125
1420652752.2477319241;-63.996524810791015625;-63.996524810791015625
1420654750.2497298717;-59.68012237548828125;-59.68012237548828125
1420656748.2517278194;-63.388874053955078125;-63.388874053955078125
1420658746.2537257671;-78.76386260986328125;-78.76386260986328125
1420660744.2557237148;-82.13253021240234375;-87.4234619140625
1420662742.2577216625;-83.21041107177734375;-90.9596099853515625
1420664740.2597196102;-80.55568695068359375;-92.2605438232421875
1420666738.2617175579;-82.05165863037109375;-85.175262451171875
1420668736.2637155056;-81.43003082275390625;-83.84981536865234375
1420670734.2657134533;-80.96343231201171875;-84.2174835205078125
1420672732.267711401;-78.49715423583984375;-85.28924560546875
1420674730.2697093487;-79.6339569091796875;-81.62027740478515625
1420676728.2717072964;-77.5291900634765625;-89.80022430419921875
1420678726.2737052441;-79.21196746826171875;-91.9896697998046875
1420680724.2757031918;-83.1097869873046875;-87.67928314208984375
1420682722.2777011395;-78.86316680908203125;-86.08448028564453125
1420684720.2796990871;-80.07955169677734375;-85.22339630126953125
1420686718.2816970348;-81.36780548095703125;-86.7821197509765625
1420688716.2836949825;-78.5731658935546875;-88.10398101806640625
1420690714.2856929302;-78.4440460205078125;-84.52579498291015625
1420692712.2876908779;-78.98382568359375;-80.8465423583984375
1420694710.2896888256;-80.1582489013671875;-91.90288543701171875
1420696708.2916867733;-85.2924652099609375;-87.10448455810546875
1420698706.293684721;-82.83229827880859375;-88.1980438232421875
1420700704.2956826687;-81.2782440185546875;-89.41587066650390625
1420702702.2976806164;-77.64756011962890625;-91.81931304931640625
1420704700.2996785641;-78.38086700439453125;-92.36185455322265625
1420706698.3016765118;-83.18723297119140625;-88.06005859375
1420708696.3036744595;-82.2678375244140625;-84.45751190185546875
1420710694.3056724072;-80.146575927734375;-83.500823974609375
1420712692.3076703548;-80.46662139892578125;-85.140380859375
1420714690.3096683025;-78.29410552978515625;-90.0443115234375
1420716688.3116662502;-80.55582427978515625;-82.49468231201171875
1420718686.3136641979;-83.2625885009765625;-89.04776763916015625
1420720684.3156621456;-81.701904296875;-84.922210693359375
1420722682.3176600933;-79.06555938720703125;-80.42501068115234375
1420724680.319658041;-79.15921783447265625;-79.587677001953125
1420726678.3216559887;-81.81818389892578125;-84.6192779541015625
1420728676.3236539364;-86.42555999755859375;-90.9417877197265625
1420730674.3256518841;-83.83779144287109375;-93.23038482666015625
1420732672.3276498318;-78.1600799560546875;-93.3515167236328125
1420734670.3296477795;-79.9081878662109375;-86.85970306396484375
1420736668.3316457272;-82.8447113037109375;-89.49610137939453125
1420738666.3336436749;-80.2061920166015625;-83.49474334716796875
1420740664.3356416225;-79.54290008544921875;-88.64011383056640625
1420742662.3376395702;-77.45323944091796875;-83.14748382568359375
1420744660.3396375179;-79.96031951904296875;-86.2962646484375
1420746658.3416354656;-83.10076141357421875;-88.5728302001953125
1420748656.3436334133;-79.0828094482421875;-84.43079376220703125
1420750654.345631361;-79.07534027099609375;-81.40727996826171875
1420752652.3476293087;-78.9823455810546875;-82.2252197265625
1420754650.3496272564;-76.59980010986328125;-77.12610626220703125
1420756648.3516252041;-77.35506439208984375;-82.7441253662109375
1420758646.3536231518;-77.07958221435546875;-91.29045867919921875
1420760644.3556210995;-80.5449371337890625;-87.38797760009765625
1420762642.3576190472;-82.62123870849609375;-90.59597015380859375
1420764640.3596169949;-84.74976348876953125;-89.407257080078125
1420766638.3616149426;-86.84827423095703125;-97.6304931640625
1420768636.3636128902;-83.84329986572265625;-88.231048583984375
1420770634.3656108379;-82.6481781005859375;-83.86972808837890625
1420772632.3676087856;-81.5942230224609375;-86.0991973876953125
1420774630.3696067333;-80.95969390869140625;-82.27124786376953125
1420776628.371604681;-83.3320159912109375;-84.1666412353515625
1420778626.3736026287;-83.9846038818359375;-88.23297119140625
1420780624.3756005764;-83.85643768310546875;-88.43682861328125
1420782622.3775985241;-86.388946533203125;-88.58905792236328125
1420784620.3795964718;-87.10675048828125;-99.8023681640625
1420786618.3815944195;-79.50269317626953125;-89.721893310546875
1420788616.3835923672;-78.28882598876953125;-92.31586456298828125
1420790614.3855903149;-82.354156494140625;-86.9196929931640625
1420792612.3875882626;-87.262969970703125;-93.94249725341796875
1420794610.3895862103;-88.446746826171875;-92.88729095458984375
1420796608.3915841579;-82.2038421630859375;-89.92273712158203125
1420798606.3935821056;-80.599029541015625;-87.32027435302734375
1420800604.3955800533;-79.01540374755859375;-81.03868865966796875
1420802602.397578001;-78.74587249755859375;-82.55206298828125
1420804600.3995759487;-78.366607666015625;-81.8549346923828125
1420806598.4015738964;-80.11553955078125;-81.67214202880859375
1420808596.4035718441;-79.53151702880859375;-81.97097015380859375
1420810594.4055697918;-79.17711639404296875;-86.33089447021484375
1420812592.4075677395;-81.36644744873046875;-90.03249359130859375
1420814590.4095656872;-82.4871063232421875;-85.11212921142578125
1420816588.4115636349;-84.54447174072265625;-85.63115692138671875
1420818586.4135615826;-86.0315704345703125;-88.14186859130859375
1420820584.4155595303;-83.00376129150390625;-92.8203582763671875
1420822582.417557478;-81.7451324462890625;-85.30023193359375
1420824580.4195554256;-81.6226043701171875;-88.63350677490234375
1420826578.4215533733;-80.8569793701171875;-86.977142333984375
1420828576.423551321;-81.3841705322265625;-85.33226776123046875
1420830574.4255492687;-80.37827301025390625;-84.522735595703125
1420832572.4275472164;-79.98858642578125;-81.4838409423828125
1420834570.4295451641;-83.89974212646484375;-98.9199371337890625
1420836568.4315431118;-88.29650115966796875;-100.39527130126953125
1420838566.4335410595;-81.99530792236328125;-88.41132354736328125
1420840564.4355390072;-79.88243865966796875;-86.63899993896484375
1420842562.4375369549;-80.15869140625;-87.36589813232421875
1420844560.4395349026;-80.77402496337890625;-94.7288970947265625
1420846558.4415328503;-87.85279083251953125;-91.6373291015625
1420848556.443530798;-83.04891204833984375;-89.82805633544921875
1420850554.4455287457;-82.70165252685546875;-92.15129852294921875
1420852552.4475266933;-86.07452392578125;-96.50334930419921875
1420854550.449524641;-88.46732330322265625;-93.20717620849609375
1420856548.4515225887;-82.43187713623046875;-89.341400146484375
1420858546.4535205364;-79.31914520263671875;-88.59885406494140625
1420860544.4555184841;-80.8090667724609375;-84.37665557861328125
1420862542.4575164318;-78.3823394775390625;-81.4554595947265625
1420864540.4595143795;-79.16474151611328125;-83.35988616943359375
1420866538.4615123272;-87.64202880859375;-92.69466400146484375
1420868536.4635102749;-84.76656341552734375;-92.36962127685546875
1420870534.4655082226;-83.67243194580078125;-86.99158477783203125
1420872532.4675061703;-87.66484832763671875;-90.0252227783203125
1420874530.469504118;-89.79845428466796875;-98.464202880859375
1420876528.4715020657;-83.717803955078125;-88.168182373046875
1420878526.4735000134;-81.7751312255859375;-88.6451416015625
1420880524.475497961;-86.1128387451171875;-90.628570556640625
1420882522.4774959087;-87.54601287841796875;-93.570892333984375
1420884520.4794938564;-81.70760345458984375;-86.176727294921875
1420886518.4814918041;-81.00960540771484375;-84.24924468994140625
1420888516.4834897518;-84.636749267578125;-88.256622314453125
1420890514.4854876995;-85.762847900390625;-90.18138885498046875
1420892512.4874856472;-84.96521759033203125;-93.59665679931640625
1420894510.4894835949;-82.1356658935546875;-85.21645355224609375
1420896508.4914815426;-81.05431365966796875;-96.52044677734375
1420898506.4934794903;-80.87139129638671875;-95.4821929931640625
1420900504.495477438;-83.2198333740234375;-88.516632080078125
1420902502.4974753857;-82.7737579345703125;-88.25260162353515625
1420904500.4994733334;-82.6328582763671875;-90.2715606689453125
